2.990194410561884197e+01
3.044065646451718976e+01
3.048465533913455161e+01
3.004781247991147808e+01
3.027570843967479064e+01
2.899209199251212254e+01
2.962789384617096999e+01
2.994415438878494840e+01
3.011095055195280779e+01
3.004149193335642209e+01
2.975529921089797014e+01
3.014421422971786413e+01
2.918115847628269677e+01
3.000084321624254713e+01
3.021978219672678279e+01
3.015213553875917896e+01
2.888195664186484635e+01
3.022482513203739529e+01
3.085262041242591735e+01
3.019922127531442868e+01
3.028287372211788053e+01
2.997954565162375573e+01
3.002350033459701351e+01
3.076785936994856741e+01
2.990142991644997039e+01
2.916087094793327594e+01
2.965073723641697612e+01
2.950871231032750330e+01
2.990751247080692821e+01
2.947409567921823736e+01
2.958902213511402834e+01
2.934313460590531975e+01
3.018163034882430296e+01
2.900574190419063569e+01
2.917421748974590301e+01
2.966341194054494679e+01
2.973928755236823562e+01
3.032218037497413832e+01
2.971580067002196657e+01
3.068415616915648769e+01
3.091858549013403135e+01
3.068306071062113105e+01
2.969011796848497653e+01
2.974495992680935785e+01
2.991044237330332223e+01
2.989461094448544287e+01
2.990432906691779280e+01
2.986733805968474087e+01
3.065018901589025901e+01
3.155048614839812515e+01
3.027571567295031585e+01
3.031812004729408372e+01
3.026190631526251451e+01
2.938612661180363972e+01
2.940757721248706247e+01
2.905158187370808065e+01
3.041965161503918580e+01
3.096497082157105041e+01
2.991965474513978052e+01
3.064967869906251963e+01
3.086102448820531663e+01
3.125238299322140989e+01
3.031175915571976631e+01
2.964182606184454372e+01
2.924466425689565341e+01
2.914787015911682388e+01
3.033879253080005256e+01
2.896726282554174148e+01
2.939565992882074497e+01
2.982917971765422394e+01
3.075125980894180699e+01
3.002311321351021789e+01
2.982734944340630179e+01
3.025207194622322504e+01
2.886632602991905117e+01
2.946206791702416794e+01
2.933931633730829347e+01
3.031548321673711754e+01
2.954617904325364464e+01
3.056767182720985332e+01
2.955191379535290963e+01
2.948596423922894516e+01
2.974620807287507773e+01
3.079040267756893101e+01
3.016508254154371116e+01
3.006653992297907863e+01
2.960019263726877625e+01
2.984456761811157932e+01
3.003201770101508572e+01
3.039739062512879997e+01
2.983545958188548042e+01
2.899628553794465091e+01
2.932556983305603282e+01
2.959678194491666403e+01
3.029761174060037732e+01
3.016266767372624713e+01
2.954163916737955375e+01
3.004766562532138607e+01
3.086036533379779456e+01
2.980383511594803991e+01
3.041160085239103950e+01
3.045091003808630958e+01
2.958876249880750109e+01
2.998287915778330159e+01
2.974446311667341902e+01
2.931803622337297099e+01
3.025035663636887406e+01
2.933329361793606083e+01
3.019888605821246230e+01
2.948254791307366673e+01
3.066346817720861040e+01
2.937480892331755200e+01
3.053295963965841509e+01
3.011309377520046127e+01
2.988882783639183671e+01
2.945760904944769365e+01
2.987795902527670933e+01
2.963337177825787094e+01
2.948893521768886572e+01
3.003400102976586084e+01
3.043708070391047471e+01
3.044009188956126977e+01
2.978447678850197988e+01
3.062222553805274572e+01
2.917960625985066869e+01
2.965743174349133326e+01
3.007852506353458111e+01
2.993707562673034062e+01
2.930989113087204245e+01
2.975291545142246363e+01
3.042358873796251117e+01
3.039823764350422763e+01
3.017430090422604394e+01
3.022261056373238119e+01
2.940126820110763362e+01
3.021931481822595345e+01
3.067980895181298706e+01
3.050070524594100974e+01
3.051047357455124853e+01
2.997032234135055973e+01
2.928805411710911955e+01
3.029084617904442922e+01
2.977543625784142023e+01
3.001404159051985587e+01
3.086032569231259615e+01
2.986951115367496357e+01
2.937658591677283582e+01
2.988455560273315825e+01
3.065959938694221165e+01
2.986359488153784625e+01
3.000325699496048060e+01
2.977526979542996344e+01
2.981120855042938800e+01
2.953800341494993731e+01
2.984917539280317911e+01
2.986849393522373930e+01
2.984944378771972140e+01
2.975997383678562258e+01
2.974261426724498492e+01
2.986911948634476488e+01
3.014237550773419372e+01
3.021848534657023677e+01
3.013470187002151590e+01
2.860192068844951407e+01
3.091098753639982633e+01
3.028113842125186750e+01
3.043240638614864935e+01
2.920060608355641207e+01
2.990683392413622599e+01
2.985316780330531827e+01
2.937538755013894232e+01
2.982438511323224262e+01
3.071692978004950803e+01
2.967454474286802579e+01
2.986681177739339077e+01
3.035361247886806524e+01
3.009860215947925255e+01
2.977119862365371006e+01
3.088093207978365484e+01
3.060953876121411454e+01
3.056633629626779936e+01
2.996294533905223645e+01
3.045152512038609416e+01
3.105209540332791107e+01
2.918481463806039855e+01
2.983954439602780795e+01
3.028616558473408560e+01
2.922823291337582674e+01
2.988152944109219433e+01
3.025614281477057332e+01
3.032703958577900138e+01
2.941153895250992534e+01
3.031875742009731667e+01
3.016717600405954158e+01
3.015757188130688249e+01
2.976569116869919895e+01
2.995750209312943824e+01
3.046682138268931794e+01
3.017947026955536671e+01
2.974663285957570125e+01
3.022151701181319083e+01
3.015170657863811599e+01
3.014515644510840175e+01
3.044230499056093819e+01
3.008834206905767061e+01
2.984027158209021735e+01
2.978472476567835159e+01
3.011325951562710301e+01
2.943332891499881754e+01
2.989627407164383399e+01
3.066060860148499501e+01
2.931980930585964629e+01
2.977204160373694464e+01
3.036654842657330278e+01
3.092160410730022946e+01
3.020148998233344884e+01
3.010125637854770630e+01
2.931228586997551844e+01
2.902471469595894860e+01
3.040428103666899418e+01
3.118025600306997092e+01
3.017221170512628703e+01
2.935717032100641433e+01
3.008561357223917199e+01
3.000768770863573565e+01
2.979970712420940515e+01
2.993221170973754397e+01
2.993576990524340431e+01
2.981224721309119374e+01
3.019862783187079103e+01
2.978972107625030219e+01
3.052596746262426564e+01
3.006641243014995268e+01
3.051937481399938434e+01
3.032649307807373162e+01
3.009160654458475292e+01
2.980350984705150807e+01
3.028584166915601372e+01
2.871849893934779985e+01
3.078518196795713635e+01
3.006071841668653377e+01
2.909582457976751257e+01
2.987661416720920116e+01
3.048059600474117303e+01
2.998420718763409099e+01
3.035314922921896752e+01
2.969793189897002250e+01
2.984392712310600615e+01
3.046967040706482166e+01
3.023363671817622489e+01
3.017177315524430981e+01
3.063968040485444888e+01
2.936742233675085245e+01
2.901324500114485971e+01
3.031142753034338710e+01
2.903358959301087694e+01
3.143736805593568917e+01
3.050150125395546752e+01
2.965430416906703925e+01
2.963493000594233706e+01
2.958183955369641183e+01
2.991699804531482343e+01
2.930701611832033393e+01
3.034863180884376277e+01
2.999885723966273332e+01
2.993662735105440476e+01
3.007183376008483222e+01
2.972770279570041296e+01
2.954740991811002360e+01
3.104073564699748644e+01
2.962801983424422403e+01
2.983258608109967724e+01
2.947803174061944631e+01
2.981668430897922661e+01
3.032192639364469855e+01
3.017847410062299929e+01
2.960610673817986793e+01
3.034953913912235990e+01
2.992038415762236525e+01
3.007145039630481165e+01
3.021236388160019715e+01
3.085128329228622590e+01
2.990908255075045119e+01
3.035029681756624953e+01
3.063514000527065662e+01
3.096136258535301522e+01
2.992976408365468544e+01
2.999070583416352420e+01
2.998908845774156262e+01
3.020592381626766709e+01
2.940345479252278693e+01
2.972414140131392912e+01
3.017317454605133875e+01
2.986340814330274895e+01
2.841012502249564164e+01
2.980939308612058980e+01
2.965931695164955784e+01
2.952846230521238624e+01
3.089993747857498718e+01
3.023395833346020467e+01
2.970283449318865365e+01
3.019449190694665575e+01
2.981855409547962310e+01
3.037937063613179944e+01
3.039299503971552596e+01
3.058797363568293193e+01
3.049935283716544276e+01
2.959973651167767272e+01
3.043435731707708314e+01
3.070886449757275471e+01
2.982194923941296238e+01
3.002716326953347092e+01
2.969012203685294793e+01
2.992154987102349040e+01
2.976864644841407426e+01
3.030000711397768853e+01
3.058281197274746432e+01
2.972172415077278984e+01
3.052258803442244783e+01
2.988533090743634446e+01
2.925167160041453940e+01
3.047680271382871098e+01
2.980016953031338289e+01
3.008006771768848964e+01
3.046220803637960728e+01
2.939742069623023468e+01
3.021424485911155600e+01
3.010958777312617940e+01
2.958754776288949984e+01
3.069550155417633874e+01
3.013407134651811958e+01
3.098020376808228704e+01
2.978866204404148021e+01
2.991654112102578722e+01
2.879711975316651618e+01
3.031702905239143320e+01
2.943397786377804337e+01
3.008667611980879997e+01
2.968729837040713804e+01
2.990406546053769077e+01
2.964245804668332696e+01
2.960642762919921367e+01
2.974954172791482065e+01
3.058490066926358253e+01
2.959457284368778218e+01
2.966757340921212815e+01
2.916767447899863797e+01
3.082537333967236748e+01
3.053348014795377097e+01
2.938423652827589549e+01
3.042594966265341938e+01
3.069582674746904161e+01
3.066671408764113593e+01
3.043665341483391984e+01
2.897426434542073892e+01
3.000473181023915004e+01
3.021539013773998761e+01
2.979026999813410725e+01
3.029986121823962719e+01
3.065653987562884097e+01
2.993161387920956074e+01
2.994541238507166270e+01
2.943716941737050874e+01
3.002671530753951856e+01
3.034944346708502394e+01
2.994166506902546132e+01
2.967825227009489097e+01
2.968798468669163881e+01
3.005787821409380811e+01
3.035806428380014665e+01
3.001220692797797085e+01
2.936651186291027926e+01
2.906661364461121622e+01
3.028202697922322173e+01
3.011475546160626138e+01
2.983380519669450592e+01
3.069857080079555089e+01
3.038845401427064985e+01
3.094837601874282385e+01
2.978235399725561194e+01
2.931877984993361608e+01
2.923583466546961418e+01
2.949063856843977760e+01
2.958804024605815286e+01
3.019144920609522842e+01
3.044742411695694528e+01
2.984776049498926653e+01
3.055386076406037787e+01
3.028180892223778642e+01
3.079663692542798614e+01
3.019908718832156680e+01
2.954138516802969150e+01
2.993362356775793032e+01
2.967394793226952032e+01
3.022634835039626822e+01
2.945352005975470533e+01
3.070805349426223074e+01
2.991308701012358640e+01
3.017053732775046271e+01
2.923083494117501857e+01
2.925395008691878473e+01
2.973349634592766577e+01
2.971638564836868568e+01
2.981855332055969043e+01
3.013711399137553570e+01
3.016376904971081530e+01
2.946720795658598036e+01
3.041889368790868886e+01
2.981478961832611319e+01
3.025513475209753622e+01
2.967230434556679342e+01
2.957104206740894980e+01
3.066647330110615144e+01
3.030600371637010682e+01
3.109222620433430251e+01
3.064280373890676756e+01
2.894750132238526419e+01
3.130956079324920438e+01
3.002880757586918392e+01
2.991698061918386031e+01
3.017708138576938737e+01
2.995434014512773047e+01
2.959182456462910693e+01
3.033258245574851841e+01
2.961577126094922008e+01
2.940907059256689848e+01
3.033155450712812851e+01
2.959620762492530943e+01
3.004105491486732404e+01
2.991442681390590863e+01
3.022870060203639042e+01
3.074135425948338352e+01
2.944205344684690928e+01
3.009851547041750663e+01
3.070752555195055677e+01
2.969991227542990941e+01
3.064519783890244042e+01
2.976290921008210333e+01
3.042029305454053656e+01
3.004175516007038382e+01
3.006380901911454018e+01
3.009278607060864985e+01
3.017298372440289356e+01
3.009202401650331282e+01
3.096274501417860847e+01
2.989450133950289512e+01
2.948804617281651375e+01
3.044111293235071258e+01
3.001763784860905560e+01
2.947126687130184663e+01
3.010199673762689088e+01
2.964452637610592944e+01
3.074452980200797825e+01
2.984645740338347863e+01
3.006604221277876832e+01
3.022286755011306880e+01
3.051234142001811733e+01
3.045082467435454632e+01
3.000004602241854101e+01
3.003771899975457060e+01
2.999382829602615885e+01
3.033300238432458329e+01
2.918123049272905689e+01
3.045986872325492811e+01
2.970194578876231262e+01
2.964012620824485467e+01
2.961039019800578131e+01
3.024095612110380671e+01
2.998131820811005355e+01
2.987796846270104112e+01
2.983080328054627017e+01
2.957438921614877714e+01
3.004744000740929266e+01
3.014572007137596543e+01
2.976900599362264899e+01
3.047425961717743448e+01
2.992111483541390271e+01
3.101487511295557908e+01
3.000297097287445069e+01
3.060929591083006684e+01
2.941917002408688120e+01
2.981828068750239069e+01
2.910787883764468020e+01
3.019471914978854699e+01
3.070916357149192777e+01
2.978717084522278569e+01
3.024147792695688253e+01
2.950775985927357326e+01
3.027952998436309784e+01
3.022467704436212088e+01
3.104517251897600971e+01
2.998202623656575838e+01
3.015193420222599840e+01
3.007185987271767402e+01
3.055074756798501312e+01
2.979574935513337763e+01
3.107272236024319412e+01
2.909329863926781101e+01
2.928799300561310304e+01
3.043793878430501110e+01
2.972276177377415252e+01
2.990597303977206423e+01
2.974267932917516077e+01
2.978449355211807159e+01
3.027906421604518172e+01
3.001383016096684386e+01
3.060104679789185056e+01
2.983517123827380857e+01
2.974910195186574668e+01
3.027180531076610137e+01
3.007125464241390134e+01
2.987507725132135050e+01
2.975576821793840310e+01
3.061114552773753417e+01
2.962041569217332082e+01
2.952316652934661434e+01
3.013252507197780972e+01
2.988641460558052643e+01
3.010719211510624760e+01
2.904702530511635672e+01
2.988761119797840138e+01
2.979990763929815856e+01
3.022175177489229725e+01
2.991657207185233958e+01
3.108519499489394278e+01
3.027845439794823790e+01
2.977645920059916307e+01
3.057418577964384099e+01
2.970008446841146466e+01
2.973294035543667491e+01
2.935282053147082948e+01
3.007317658260212667e+01
2.966404018538004550e+01
2.880002388840217975e+01
3.056164466010110914e+01
2.964056432762051330e+01
2.974636415193062788e+01
3.025382614757619848e+01
3.065492059570097894e+01
2.952587782399856664e+01
3.085400747217078887e+01
2.983045891841529951e+01
2.943183839394104595e+01
3.066123258199272428e+01
2.928409300009501237e+01
3.023941526109789635e+01
2.952863450848957783e+01
3.098465435000423085e+01
2.952494221171896527e+01
2.967957307700678626e+01
2.920005285080185686e+01
3.073535820962437626e+01
2.971854770420883085e+01
3.073306909745558357e+01
3.019932816997973646e+01
3.003248466357471003e+01
2.952517343270405092e+01
2.997795708233632794e+01
2.953391071670199608e+01
3.039279785617872776e+01
3.038408261387140996e+01
3.096873897168168099e+01
3.016049955936598792e+01
2.988882168749291424e+01
2.897316466925721912e+01
2.974345757104581267e+01
3.002592498085698125e+01
2.982423241648703538e+01
2.965314338537051952e+01
3.027971005444462449e+01
2.973519708410707452e+01
3.014199156480594866e+01
2.961727920982918860e+01
2.974329587901319272e+01
2.958228498071611057e+01
3.075251751518260690e+01
3.050580385031122788e+01
2.906840080300877105e+01
2.919826446861113212e+01
2.997129536559033269e+01
3.054823647432040445e+01
3.029357293422714648e+01
3.017336544770032347e+01
3.101283514413175979e+01
3.019186816177386135e+01
3.026655328918465671e+01
2.988965740070249666e+01
2.953206220715750874e+01
3.010424937796354072e+01
2.998377408941849964e+01
2.937487975237709392e+01
2.862147223591006551e+01
3.063776488499624406e+01
2.975125728260736935e+01
3.050917527469205837e+01
2.965015793371869535e+01
2.989521776661439745e+01
3.029376810154236566e+01
3.030708442756596099e+01
3.029491508621335782e+01
2.916616385210255658e+01
2.937811888662920268e+01
2.959062109366841753e+01
3.013180279076251011e+01
2.962366857509786655e+01
2.974141687427830405e+01
3.061292596692783619e+01
2.950779652200422021e+01
3.020656104907234507e+01
3.035883440285765644e+01
2.943614822419955601e+01
3.107447467950987630e+01
3.008738684283587261e+01
3.010481492578442086e+01
2.986002957299108829e+01
3.047357763360331262e+01
3.010234721842824612e+01
2.916658256299129093e+01
3.062213743330130811e+01
2.962483742971332035e+01
3.025407411168491123e+01
2.954673971254272402e+01
2.984592222839949471e+01
3.013833466038089881e+01
3.005321251071179844e+01
3.040866090849435466e+01
2.994924285470805714e+01
2.987351908737240436e+01
3.122239072815814964e+01
3.044953086115060970e+01
3.025201533984858671e+01
3.000069837028226516e+01
3.080229306464688221e+01
2.939542867902907020e+01
3.006651484177036338e+01
2.986812593172565400e+01
2.939321157014351726e+01
2.989423619951078948e+01
3.051957233520291268e+01
2.927580183218625010e+01
2.987945428293668826e+01
3.059050496510932149e+01
3.012924077572642290e+01
3.039460641239059058e+01
2.917173397937042267e+01
3.004804034399334611e+01
2.983040040876732490e+01
3.024615678829725240e+01
3.048178720498149374e+01
2.952061827299129604e+01
2.976446069032958519e+01
3.038631190586695041e+01
2.987945866448558974e+01
3.012941465108375283e+01
3.117518968043088279e+01
2.958880319484864785e+01
2.892200248024519738e+01
2.969133958223900294e+01
3.011472357336190342e+01
2.986639606771140265e+01
2.898820588812620969e+01
3.056737568134272109e+01
3.101110678737326865e+01
2.994474817175063208e+01
3.025710396533161273e+01
3.055997254102376104e+01
2.972647113123862894e+01
3.001447375391808947e+01
3.015606505332088005e+01
3.030583834634834872e+01
3.023364507925874278e+01
3.068588764185060569e+01
3.021862628836565179e+01
2.979947664123473672e+01
3.014763065521236740e+01
2.901812528191693730e+01
2.994090294346723624e+01
3.102518690009739899e+01
2.900019949451744239e+01
2.990187635233347763e+01
2.881480515135575970e+01
3.032327801037692439e+01
3.045672904266465508e+01
3.010037852908816092e+01
3.015973978552319323e+01
2.974399851064709210e+01
3.013294560385561027e+01
2.984118469394184459e+01
2.957938021382001637e+01
3.008238978982343070e+01
3.056141543563595775e+01
2.934550778727375331e+01
2.969274441289935496e+01
2.929028244193811403e+01
3.015131673292426484e+01
2.971267131186079169e+01
2.992902846683097806e+01
2.938022377819432052e+01
3.035709115874303876e+01
3.035788958901795809e+01
2.916403896154179165e+01
2.963978219382838120e+01
2.991085842821949470e+01
3.050206995083846451e+01
2.961976745219837071e+01
2.974209863411457633e+01
2.938762443888053610e+01
3.011252481702652162e+01
2.984643225631133490e+01
2.963460165493838261e+01
2.930749494191451276e+01
2.963792664722920733e+01
2.993606666183812592e+01
2.989801777358353974e+01
3.005076768011617361e+01
3.027230613608870158e+01
2.917131081367128331e+01
3.074908215128056810e+01
2.947873525469248079e+01
3.032366393131348659e+01
2.969460405104092615e+01
2.914698480937554592e+01
2.940341499310768825e+01
2.978491265549462597e+01
2.992714321476692163e+01
3.012025696343811632e+01
3.001051779986188706e+01
2.927288352682932526e+01
3.098041193754853850e+01
2.999920780271743226e+01
3.010385638804887876e+01
2.964214576137769797e+01
2.987276217153847213e+01
2.954030554034122247e+01
3.001381873399894573e+01
2.983440256375923738e+01
2.926720700308443668e+01
2.917417578169485992e+01
3.040624645739113419e+01
2.972764712378959473e+01
3.010044417164738206e+01
2.949322521576751299e+01
3.004395419677331347e+01
3.028345074220969479e+01
3.007638091309378581e+01
2.935715670392420051e+01
3.053483670945393413e+01
3.032653789310021253e+01
3.004088407723085652e+01
2.960871653714141871e+01
3.009623878221817961e+01
3.059515259366059325e+01
2.933899183138788658e+01
2.960199925776826646e+01
2.980115546052297404e+01
3.000918892075356581e+01
3.007429953314947824e+01
3.009188375512958302e+01
2.974671081352897417e+01
2.978552238620634185e+01
2.946141153950099323e+01
3.000825231200955301e+01
3.002275062841633613e+01
3.077378139862386774e+01
2.994634372390349597e+01
2.994776977026025833e+01
2.985862772497031870e+01
2.949511526997538624e+01
3.032736881558232866e+01
2.941614740426906138e+01
2.994304022208284977e+01
3.029738967821306161e+01
2.971233596016692857e+01
2.937417663580847105e+01
3.041578824705113959e+01
3.068566321721849377e+01
3.059602217228385612e+01
3.003603883491847526e+01
3.010383802378795792e+01
3.102874284546377481e+01
2.957632394309948154e+01
2.930388434288813571e+01
2.972639246908494215e+01
3.031093748520975595e+01
2.994203454451815816e+01
3.001004934836693039e+01
3.002594995032736591e+01
3.020790951231540333e+01
2.901204723905368965e+01
2.913349073692099722e+01
3.017111581119175057e+01
3.020817292151608768e+01
2.922649752343034280e+01
3.082034924749716254e+01
3.108785672392461663e+01
3.009279808339397633e+01
2.940426143486668664e+01
2.976990877161950877e+01
2.969316182698649698e+01
3.014245894759567790e+01
2.985470322550053623e+01
3.035843773374744714e+01
3.030605967459448635e+01
2.901711582868555794e+01
3.033685477699518529e+01
2.977063733394462375e+01
2.954348254254166051e+01
2.964003641418102930e+01
2.972698128411167673e+01
2.968986930913701272e+01
2.960060829451933628e+01
2.942600645610269794e+01
2.923705800459990556e+01
2.988480474115770136e+01
3.114359462587893645e+01
3.041125924384534684e+01
2.976016796294496203e+01
2.931677978163315501e+01
3.041616779822512484e+01
3.048037574248008852e+01
2.988680676109903445e+01
3.010043824623931741e+01
2.899051068372272866e+01
2.985122350038816208e+01
3.052857772985210971e+01
3.011642956203420951e+01
2.990731319129793775e+01
3.018094432669355243e+01
3.025787152311036010e+01
2.997606154626328845e+01
2.955456159834483998e+01
3.031521038453535510e+01
2.992233975957943315e+01
3.017642252949719506e+01
3.029998105086193050e+01
3.016099345515180730e+01
3.018636436090389097e+01
3.056662289601363725e+01
3.093068749937621220e+01
2.912675221066389142e+01
2.993477509454216445e+01
3.029401997513097555e+01
3.015010220068316116e+01
2.989823569047533525e+01
2.822603439111700396e+01
2.967209225007431073e+01
2.947396755612616559e+01
3.006570158954088967e+01
2.919010720217946542e+01
3.004350203863181079e+01
2.961122858020435089e+01
3.062538885363615648e+01
3.005737753844890392e+01
3.008986779351967300e+01
2.993802409737175552e+01
2.986133687909054046e+01
2.991429506968658103e+01
2.930808872169304280e+01
3.012228883423332704e+01
3.090051512769174380e+01
2.936175183432559876e+01
2.919503005905432147e+01
2.999186927217582621e+01
3.031219175785069453e+01
3.004375133291910771e+01
2.895629304085720079e+01
3.046265396382678858e+01
3.040163049654384153e+01
2.954204742340882817e+01
3.047740014559891719e+01
2.988889667047622822e+01
3.063018740584222499e+01
2.930869005517617154e+01
3.009359678557905582e+01
2.990739321313843746e+01
3.007267862687296400e+01
3.008248195451838924e+01
2.937551935641297618e+01
2.991636234013226670e+01
3.010553402464103456e+01
2.972556221701238499e+01
2.983283145783262569e+01
2.996594786432580548e+01
3.098054645607818713e+01
2.962407360499141262e+01
3.125632752476529674e+01
3.010715381078470543e+01
2.958469618294202874e+01
2.973498000607212433e+01
3.047728090981283344e+01
2.949944401807560013e+01
2.980087307739133351e+01
3.020421480968776606e+01
2.978696623710898805e+01
3.032642079165029969e+01
2.923252744774697476e+01
2.995651502872276595e+01
2.980463619671724373e+01
2.974905343218344811e+01
2.960715229068394905e+01
2.946524178559069185e+01
3.031156179462503175e+01
3.022951140259815617e+01
3.076292334529037475e+01
3.012750792081156348e+01
2.982168276012690811e+01
3.051896799646091551e+01
3.068119858217423968e+01
2.960058825521876003e+01
2.965603716007501234e+01
2.952890357861260284e+01
2.932862363241932613e+01
3.026097094673117027e+01
2.922155082846141028e+01
3.028264248769545830e+01
2.997390330791946411e+01
3.021405942565057856e+01
3.095949957629587956e+01
3.058135798330704702e+01
2.978018440783013077e+01
3.006175142919533627e+01
2.987380372795048444e+01
2.981571783369851047e+01
3.087043533763300474e+01
2.959303229588545392e+01
2.983360237582731145e+01
2.996357859012432812e+01
3.005077205844241206e+01
2.934504948350987874e+01
2.996786965533823732e+01
3.047790583552044552e+01
2.972554002584919175e+01
2.977905411240175582e+01
2.953206032455176455e+01
3.037112480237139422e+01
3.019928759781650740e+01
2.958722025887768581e+01
2.977724814466200343e+01
3.090499848130878391e+01
2.981536374243637155e+01
3.052639053779254397e+01
2.979516813992945856e+01
3.086924883288996924e+01
3.021663126004863642e+01
3.024116796002401841e+01
2.942146962916118724e+01
3.026581831318108229e+01
3.045526751086068629e+01
2.979071378389485858e+01
2.987448925672267208e+01
3.015783655475642888e+01
2.997808250384095530e+01
2.947844846785838868e+01
3.069040078249465253e+01
3.008684111508526016e+01
3.019850980002972207e+01
2.980945534700768107e+01
3.027126443930896471e+01
2.989174082528772658e+01
2.968781501251771004e+01
3.041586284479318181e+01
3.057294464611180729e+01
3.041056050043650316e+01
3.013414553272622953e+01
2.971551465123515712e+01
3.005066022242688817e+01
3.051782275810493772e+01
3.029422456772647720e+01
3.006525924968705255e+01
2.918131556453908715e+01
3.062157697278852453e+01
2.992407644585027526e+01
2.941500400575448992e+01
2.947995160078719223e+01
2.947169806691386285e+01
3.012759210966463286e+01
3.000370475449755858e+01
2.949610147364404256e+01
3.090085096191259240e+01
3.077564543337150127e+01
2.949604162516943973e+01
3.021398305976064691e+01
2.948778402519652175e+01
3.081831985763334458e+01
3.063219303642630820e+01
2.983500888271941420e+01
3.067379811813559343e+01
2.992997845584115879e+01
3.048415640467161225e+01
2.970703540326616832e+01
3.013073860922900948e+01
2.908784282111664510e+01
3.045661540522516120e+01
3.118059474323277769e+01
3.022970900037996600e+01
2.916951373379503920e+01
3.011121560141789999e+01
2.995254979012701213e+01
2.974051168371723008e+01
3.007622258720959252e+01
